81
84 67 17 84 77 51 60 30 14 61 90 36 25 19 96 71 43 44 65 84 92 61 98 38 6 12 74 76 95 2 75 80 92 73 33 40 75 24 84 88 33 99 99 67 7 76 54 1 86 11 4 99 40 85 24 65 11 15 63 64 32 82 93 49 67 77 6 66 60 53 75 58 99 71 92 54 36 4 98 25 97 66 40 26 14
12 78 88 83 9 91 41 90 11 1 99 25 98
80 67 40 99 17 39 96 96 45 10 64 75 46 5 79 60 53 88 11 67 86 17 16 8 94 47 57 36 99 25 23 62 96 78 97 98 79 81 93 53 20 5 18 50 75 44 56 1 1 7 45 49 8 37 48 87 54 49 31 84 10 6 4 29 80 3 16 90 86 13 81 63 68 20 97 33 26 36 56 55 97
60 57 41 63 85 72 43 78 78 56 6 4 64 46 71 70 48 32 70 81 89 18 91 79 19 50 23 100 96 76 84 54 92 66 95 39 9 6 79 4 88 57 65 9 5 65 73 51 80 27 1 16 16 7 80 8 22 31 74 12 76
20 18 14 98 46 99 22 79 65 68 25 50 41 70 71 29 81 88 26 54 35
100 83 24 11 24 30 95 72 27 29 25 96 85 83 11 4 99 41 69 80 44 59 80 86 41 68 32 65 23 23 81 16 58 35 24 30 57 98 18 60 19 10 90 92 30 86 67 4 7 7 84 30 1 35 38 88 16 26 80 70 42 92 27 38 30 77 54 28 82 15 71 21 100 19 21 17 82 18 86 11 65 100 49 34 0 39 8 15 4 95 79 25 27 23 6 73 49 13 53 97 33
54 2 62 6 47 44 31 36 92 13 72 11 97 8 65 67 68 91 88 42 98 92 75 10 82 77 89 33 18 54 53 96 86 68 27 62 16 87 50 35 58 92 60 100 15 91 83 56 1 80 98 95 60 2 29
94 8 15 23 86 65 65 92 3 0 43 14 53 30 70 18 100 89 84 18 60 96 35 45 33 70 75 76 45 61 52 24 51 36 34 19 40 79 39 89 28 5 87 67 76 83 49 78 36 70 62 34 61 48 77 96 60 30 75 69 27 68 7 33 23 76 10 18 38 68 12 36 9 44 22 4 80 43 32 60 20 91 1 35 3 88 34 1 73 33 29 4 81 29 95
90 89 33 40 55 30 30 42 39 16 43 92 94 78 66 86 98 64 49 75 22 57 0 38 33 1 29 94 5 91 94 59 42 6 28 77 17 25 27 21 94 52 11 54 67 76 13 24 48 19 4 68 62 59 69 85 3 87 56 41 88 74 58 58 43 7 1 19 22 11 14 4 62 69 78 49 52 17 99 30 98 56 66 13 54 67 80 54 80 99 80
46 83 69 21 75 6 32 8 15 5 52 33 85 67 7 70 4 84 72 29 29 72 36 50 37 91 1 48 49 52 96 72 84 31 41 78 3 12 2 35 81 51 35 68 41 38 96
54 67 86 98 84 59 26 12 54 16 15 37 12 83 95 16 1 65 42 99 81 1 76 86 66 41 52 76 66 53 70 80 4 51 10 32 72 66 19 82 83 86 69 87 52 50 13 33 13 81 55 18 56 80 70
60 0 0 6 34 38 87 76 14 99 91 61 70 88 38 38 27 31 4 88 93 51 40 47 22 67 84 25 52 100 14 16 0 17 100 4 50 21 28 29 50 33 50 48 83 61 83 4 41 77 42 89 47 57 14 63 70 74 16 84 100
66 53 78 69 11 0 17 70 13 72 92 74 83 88 61 86 7 75 14 79 37 43 22 44 34 12 61 55 25 21 93 41 32 97 59 80 22 48 83 35 99 13 18 87 74 22 31 5 44 35 68 69 2 13 77 13 91 6 28 69 37 58 39 23 3 46 42
78 91 61 70 33 1 69 67 48 50 47 85 7 79 96 44 26 3 38 53 43 36 20 10 41 94 41 14 0 13 30 16 6 47 91 36 68 89 34 84 88 28 50 79 90 38 26 68 24 45 27 54 39 17 11 87 4 70 69 63 42 51 37 10 31 12 1 89 47 0 55 98 14 5 17 22 80 8 43
18 58 29 7 11 76 15 57 1 39 54 34 94 56 93 99 51 90 42
42 9 39 12 28 8 89 46 83 85 89 79 12 56 80 6 56 81 18 27 43 74 44 93 10 55 13 65 23 6 46 75 85 36 22 47 46 41 42 63 12 65 2
46 37 76 2 83 7 29 53 1 68 26 39 59 93 3 18 15 92 91 92 84 78 78 64 20 99 39 33 18 34 30 48 67 1 4 53 78 54 74 25 29 80 80 86 40 73 67
20 37 83 67 62 41 90 30 54 57 4 31 16 64 32 81 32 74 68 73 28
98 1 23 78 61 2 5 62 94 38 4 80 27 64 59 95 33 40 100 48 29 32 79 25 57 4 82 23 53 50 16 47 23 9 12 60 51 5 12 36 33 45 51 9 86 67 13 25 76 28 74 22 36 78 63 62 56 51 49 13 16 68 84 37 96 47 39 87 81 12 85 63 43 75 40 63 1 42 91 45 65 38 91 36 4 4 87 33 22 41 1 61 11 94 1 44 54 59 30
14 45 51 97 46 62 84 6 68 71 26 17 78 75 17
52 63 86 39 55 90 20 27 66 79 69 35 75 44 33 39 46 75 66 98 2 3 54 76 59 6 64 30 61 90 79 1 83 33 57 1 84 80 33 95 89 69 46 47 66 32 37 14 83 21 78 87 35
72 88 15 57 45 63 98 3 46 96 86 99 31 17 26 14 76 94 75 1 48 80 88 23 43 47 25 66 90 25 6 29 4 42 92 14 54 75 74 56 48 80 17 11 83 94 38 44 12 34 14 41 30 58 88 91 82 39 54 43 57 20 74 34 93 47 80 33 82 95 65 3 85
60 79 82 91 20 93 52 26 16 69 26 31 47 90 22 62 44 100 87 22 47 16 64 67 61 87 21 77 79 100 84 83 54 35 26 17 62 67 19 93 29 72 14 26 80 77 69 80 46 50 100 83 39 87 1 24 95 68 87 77 56
62 17 20 32 25 96 60 39 8 39 45 12 55 97 59 86 86 98 43 83 93 62 92 2 14 49 25 11 97 39 49 91 85 14 89 75 23 18 70 67 19 56 33 3 68 64 52 47 97 42 60 72 7 39 88 7 88 38 97 44 8 72 43
64 38 84 7 84 12 93 22 56 19 9 51 68 85 51 12 39 16 95 52 23 86 32 59 65 45 38 98 31 10 43 93 42 33 28 65 41 57 51 43 26 85 68 98 9 17 38 61 58 100 97 96 11 80 85 35 73 89 99 37 64 63 12 47 63
66 78 39 16 13 4 21 12 70 42 78 24 62 64 11 42 72 65 98 92 40 60 28 0 42 26 38 21 52 75 44 32 36 91 92 32 23 55 24 33 57 100 43 13 0 36 28 51 95 53 88 15 10 44 20 23 90 98 18 86 54 16 18 93 42 25 10
44 97 68 27 33 49 95 6 57 17 46 80 12 55 95 57 27 66 21 5 44 27 26 49 24 82 4 26 14 38 52 87 56 4 90 97 20 41 33 25 36 91 2 48 9
88 97 100 25 81 72 4 17 85 70 83 25 22 39 10 98 87 48 40 98 40 8 61 68 60 22 28 98 79 35 98 61 55 62 54 44 95 90 75 97 14 12 35 30 80 40 88 56 42 33 50 27 46 66 21 45 5 37 12 13 82 21 8 12 66 28 45 16 95 48 5 33 86 27 48 80 6 0 51 77 26 86 2 99 75 30 19 20 23
20 67 15 79 97 95 62 45 91 7 21 2 100 39 92 63 78 13 23 35 65
4 73 28 92 9
10 43 47 25 66 71 0 3 18 17 1
96 91 82 91 19 98 33 57 97 86 53 81 2 84 24 100 84 75 8 29 92 83 77 81 60 71 4 74 68 50 12 78 14 39 46 74 45 100 96 78 15 91 11 77 53 95 8 10 64 39 35 59 6 18 10 47 89 47 7 7 2 70 15 47 81 64 22 89 46 87 67 98 41 58 56 28 74 38 71 68 53 73 46 79 38 92 38 22 53 10 38 32 38 86 100 46 47
18 90 16 13 36 37 15 69 68 77 3 41 68 33 30 67 78 22 94
14 85 52 60 41 59 85 80 18 7 100 50 22 91 33
44 82 82 40 53 78 60 78 82 60 40 40 74 7 77 50 18 96 50 46 91 72 27 86 65 17 2 61 55 75 20 9 85 43 58 54 44 3 46 54 83 50 9 93 80
100 52 35 25 70 3 93 82 69 21 79 19 95 29 83 32 85 27 88 88 19 22 65 2 5 31 73 99 22 90 39 55 3 41 6 26 76 37 43 40 96 15 57 82 91 94 54 65 31 28 42 70 54 33 52 83 53 87 57 14 10 35 8 15 30 73 76 28 76 62 73 85 6 81 24 75 10 2 48 27 20 40 25 51 80 63 8 30 88 37 3 46 10 11 6 32 14 34 59 17 15
40 28 10 76 56 34 80 90 71 47 21 74 97 20 1 24 88 23 91 22 88 12 75 19 86 0 10 50 92 28 80 64 41 47 2 43 65 59 61 65 14
20 1 76 85 69 27 89 85 99 53 8 14 69 96 90 41 74 89 51 79 26
100 2 37 23 9 56 36 44 7 16 84 12 93 88 4 12 3 42 5 10 80 22 38 37 6 21 62 55 81 42 51 47 77 69 85 78 83 16 99 30 64 80 71 27 27 24 94 29 64 89 21 48 18 11 48 4 97 15 78 49 57 83 80 39 85 17 31 74 90 87 86 71 38 72 76 67 14 89 83 60 27 61 89 94 29 92 92 86 21 81 45 47 35 6 51 96 17 80 68 97 71
58 9 67 1 100 9 98 56 95 26 34 42 22 73 100 26 89 22 47 16 38 23 70 12 95 23 34 22 73 32 39 37 55 24 85 39 74 67 14 72 60 31 88 3 26 98 31 97 38 3 84 44 71 71 64 39 93 88 68
8 90 88 15 33 92 7 16 19
92 47 80 21 17 21 46 91 24 39 72 11 79 34 97 66 10 36 59 96 60 71 45 71 85 59 9 90 92 97 75 75 97 66 55 2 43 80 92 77 8 35 7 18 47 6 42 87 11 51 38 94 6 76 33 12 99 97 93 70 64 4 100 56 95 99 75 74 43 98 97 37 9 35 94 24 82 32 60 82 3 43 10 97 99 87 21 90 98 7 7 90 53
28 9 56 80 71 68 66 23 68 84 12 76 50 79 61 55 55 81 19 99 56 89 5 13 35 64 31 97 84
68 35 37 81 81 91 88 75 60 72 24 14 47 25 40 50 39 68 30 69 63 19 84 55 65 20 58 57 54 3 60 48 22 80 16 27 91 78 99 80 77 34 0 27 90 67 9 12 67 99 94 19 25 65 22 84 0 10 77 17 84 6 5 68 71 92 51 67 87
8 63 85 29 42 36 69 72 0
10 62 6 9 95 40 72 68 59 66 97
34 27 0 62 2 95 100 39 65 43 94 56 49 62 82 89 58 91 1 70 82 23 50 96 86 92 80 79 98 88 52 1 77 59 82
38 71 86 18 61 29 80 56 34 45 22 8 90 65 67 82 71 48 85 11 9 3 58 49 14 29 57 9 82 55 88 42 15 6 28 100 97 44 78
18 98 99 36 79 17 71 52 59 63 31 7 49 44 54 48 17 42 85
16 52 35 22 29 59 99 38 13 76 0 37 90 88 94 30 8
66 74 14 22 12 20 15 32 33 44 65 68 66 81 21 2 47 21 2 89 84 18 36 28 3 80 68 77 66 14 89 97 44 28 94 38 70 46 12 22 30 49 22 45 26 13 60 45 23 40 51 32 68 47 56 27 28 97 2 32 68 21 25 54 6 77 63
38 31 94 26 45 41 42 45 74 88 73 29 95 24 97 43 54 82 65 99 7 42 73 2 79 23 55 74 22 5 46 91 97 72 61 14 32 70 13
12 68 70 57 8 38 75 50 77 38 84 19 98
74 19 13 33 36 12 41 59 92 54 17 45 55 21 13 45 57 58 70 51 53 61 7 68 4 45 17 17 85 65 23 29 99 78 55 99 36 94 48 9 65 5 39 96 0 12 27 98 38 19 39 36 96 99 74 16 12 0 100 66 91 75 81 28 48 98 92 28 37 50 4 46 88 20 18
58 86 35 91 95 82 40 7 76 35 60 85 56 45 50 11 5 88 80 69 19 60 75 44 65 95 46 40 23 8 83 79 19 60 48 88 62 52 53 60 98 87 32 61 50 76 95 56 39 14 91 52 81 48 0 81 71 35 8
70 14 68 26 50 73 66 88 25 67 30 48 30 67 63 56 50 87 2 89 94 45 18 10 93 1 25 56 27 4 91 84 86 31 4 27 74 55 43 41 79 35 12 67 70 22 8 96 21 57 64 61 92 62 45 100 46 25 20 2 65 32 18 34 27 61 93 59 76 100 2
70 61 37 37 51 78 7 5 22 27 78 3 35 98 55 78 99 34 50 91 49 100 83 25 14 44 96 75 29 35 38 37 30 81 57 60 33 57 16 50 86 11 8 44 88 72 24 1 34 95 8 38 20 88 75 69 61 27 75 67 4 94 87 18 6 35 81 94 69 88 40
10 37 30 54 99 9 41 60 61 24 49
82 44 27 13 82 86 69 32 96 26 99 64 81 67 94 56 28 68 63 37 99 91 26 48 93 79 37 74 74 82 28 31 29 62 15 39 29 24 14 85 99 46 40 41 13 83 0 84 42 51 100 23 10 8 16 20 24 27 51 24 94 95 68 31 63 63 55 78 28 18 24 35 52 16 23 44 90 3 60 96 34 13 88
50 27 53 65 43 87 45 99 93 3 20 97 8 51 83 92 46 31 10 24 93 77 47 94 78 15 61 28 17 13 39 4 66 79 60 74 45 24 11 56 54 28 75 51 80 40 14 68 64 23 45
78 68 100 70 2 70 38 67 77 44 39 19 67 95 18 72 46 14 71 99 83 67 85 38 22 54 70 37 8 35 23 41 78 61 73 81 75 41 37 18 72 32 83 91 11 15 38 79 41 86 24 7 23 34 66 65 47 48 68 70 56 89 99 17 64 55 35 29 31 0 19 51 23 63 83 36 48 75 55
24 77 46 26 21 43 22 43 72 23 39 38 54 3 25 83 57 0 92 67 59 71 26 48 91
38 16 4 89 100 86 19 35 73 21 98 58 6 12 95 48 74 30 42 85 96 64 51 6 73 2 59 3 70 50 84 93 40 66 4 85 15 20 23
16 57 56 62 48 79 99 91 93 16 95 56 33 93 58 52 62
52 63 79 34 62 76 42 37 42 50 19 1 9 14 45 39 85 46 27 1 57 59 96 45 13 64 54 5 29 82 18 52 100 100 100 68 83 86 81 19 39 90 91 41 90 33 25 48 63 88 57 75 26
42 90 7 96 58 91 2 54 29 100 79 62 84 48 46 9 40 95 32 56 57 21 63 50 36 75 26 27 48 82 59 5 89 36 6 88 17 88 41 15 96 6 14
78 53 7 48 30 66 61 99 89 54 50 97 49 53 81 30 34 11 11 84 65 60 9 13 9 18 61 98 31 66 88 100 98 47 35 25 4 17 86 49 76 33 41 66 70 86 90 66 92 64 98 81 77 96 80 5 76 49 93 44 16 98 34 82 69 22 77 81 15 62 68 43 47 96 30 83 39 57 27
84 96 51 89 47 93 31 12 23 48 61 83 75 62 18 37 5 7 96 16 8 50 41 42 50 77 12 36 39 92 55 2 95 85 88 72 35 71 10 49 63 13 70 20 89 23 11 2 82 71 8 68 88 19 33 17 79 95 99 19 89 80 76 32 10 15 51 74 37 28 20 42 31 10 75 88 20 71 2 57 65 83 9 62 90
22 89 68 40 19 66 59 95 83 3 92 14 33 95 16 22 77 7 12 66 83 87 100
86 66 13 72 86 61 80 4 84 17 16 10 25 1 83 6 40 18 75 43 37 9 33 90 66 20 87 96 39 57 75 12 72 37 60 9 92 98 2 34 60 0 9 7 85 61 49 56 93 62 76 34 34 44 2 52 11 46 6 40 48 23 68 0 81 8 32 74 85 56 94 9 29 58 68 55 77 52 98 35 20 33 52 78 66 27 33
8 42 14 31 97 49 53 45 76
80 54 92 52 86 26 48 67 16 17 79 49 16 95 92 82 75 63 13 25 88 62 24 38 43 72 51 77 62 56 4 92 62 9 20 39 72 78 91 0 72 59 86 26 48 84 66 60 11 50 36 58 30 6 15 79 58 87 54 93 75 80 95 87 82 95 95 52 84 74 66 45 87 57 35 79 15 89 88 90 54
12 29 93 92 40 55 65 73 79 26 69 47 17
28 39 73 63 15 98 10 60 99 15 70 20 0 62 54 7 10 40 6 70 94 91 23 23 95 11 89 6 22
88 5 77 7 84 77 56 98 38 97 29 64 43 39 59 70 63 75 48 70 48 50 57 66 7 32 75 11 36 61 67 65 42 100 95 98 64 24 51 93 68 71 69 41 59 1 78 42 85 12 99 50 80 13 99 56 31 94 61 17 54 79 75 5 84 96 60 92 43 58 79 84 91 24 64 35 15 37 26 61 61 85 16 22 18 24 22 35 98
82 69 59 57 95 20 89 26 59 78 72 67 57 24 10 64 66 38 27 59 25 87 71 0 68 65 71 12 11 25 40 14 95 33 25 77 73 97 8 61 99 21 11 14 66 62 6 99 0 24 15 10 64 37 9 73 63 1 48 73 20 35 42 27 73 78 52 96 63 38 48 67 23 18 44 52 47 8 30 57 39 52 1
56 97 30 92 59 46 66 31 100 19 91 14 41 23 72 23 98 80 93 89 52 70 44 43 25 73 90 90 89 72 0 8 61 71 19 88 42 55 82 31 99 82 69 98 79 10 92 86 60 45 28 78 61 55 95 92 35
48 67 66 71 84 77 64 22 6 33 29 94 71 36 80 38 57 15 53 68 41 81 24 87 99 72 97 97 75 64 38 100 59 55 33 72 38 54 85 21 20 29 36 30 72 47 99 37 56
6 47 17 81 46 52 26
40 0 94 27 40 23 3 93 92 25 3 11 1 48 18 60 30 69 25 20 60 77 2 78 51 99 64 72 90 12 30 7 18 57 1 71 46 99 76 20 29
80 51 34 23 2 64 87 30 39 64 14 43 12 30 39 25 47 6 9 27 77 82 46 30 80 91 47 28 86 33 10 77 18 8 0 23 58 85 92 38 34 90 2 17 12 85 64 75 55 52 3 12 26 50 54 93 46 85 41 56 33 52 45 27 3 86 76 56 9 39 96 19 87 4 14 31 100 28 93 27 23
