27
46 15 48 21 4 11 22 28 9 15 29 44 42 43 29 8 25 16 23 36 14 40 48 33 39 30 14 39 31 34 9 23 38 48 28 45 26 10 4 24 30 19 28 43 10 20 20
28 22 45 21 7 37 9 36 7 45 35 42 47 5 39 34 4 21 7 44 39 7 8 41 21 23 50 41 5
48 19 28 38 47 8 44 6 46 20 23 4 22 7 50 10 12 5 28 37 34 40 8 15 28 13 19 7 40 21 50 47 8 10 11 18 32 19 48 1 5 10 27 34 17 32 4 9 32
32 13 12 18 21 23 9 12 42 2 46 44 20 21 10 41 18 20 19 38 15 6 3 24 40 1 7 22 47 6 22 31 45
2 22 38
34 0 3 50 30 42 38 46 0 16 17 30 13 31 27 49 26 3 2 5 16 50 42 11 21 7 15 21 35 42 4 6 43 24 33
16 22 18 12 44 18 17 30 0 25 44 47 28 39 29 22 43
24 20 37 30 17 1 23 22 48 38 47 18 29 30 8 32 0 21 19 16 29 7 16 3 50
42 9 18 25 13 38 7 14 24 23 26 29 1 1 25 20 20 32 12 32 34 27 12 21 50 1 33 40 30 28 19 28 23 42 22 13 25 47 4 5 25 13 32
28 45 39 37 47 5 16 16 10 37 7 15 11 8 47 48 8 41 12 22 0 27 0 33 0 23 6 47 44
12 24 13 18 8 29 8 30 25 1 0 32 31
30 15 12 31 14 31 18 40 10 7 30 45 22 42 32 11 30 17 34 26 48 46 15 5 35 13 32 2 29 25 10
42 47 49 44 26 12 20 18 32 5 24 34 42 46 22 22 2 15 19 44 42 25 32 33 29 12 5 3 9 48 39 29 25 4 1 29 4 28 2 23 11 6 7
30 48 39 32 18 34 1 26 42 36 2 36 27 50 35 14 21 18 12 48 47 32 33 6 15 16 33 21 13 1 11
10 11 21 33 10 11 25 26 7 32 19
28 8 13 0 41 31 24 24 4 38 45 33 3 9 49 35 46 32 36 20 24 3 15 27 40 46 29 6 16
28 45 23 1 26 48 16 48 34 4 1 7 37 5 18 8 29 0 10 12 21 50 48 50 27 16 13 23 23
16 41 20 31 38 42 19 38 33 23 0 31 32 17 6 28 34
10 13 21 21 37 17 13 37 9 14 41
18 45 22 0 33 5 49 5 33 28 14 33 0 23 40 36 31 48 7
4 48 1 38 27
36 32 31 12 35 2 41 16 3 49 14 40 39 41 47 15 25 48 13 27 0 46 30 27 4 32 18 31 20 19 20 29 29 15 29 5 48
42 15 21 22 18 17 7 10 31 25 31 14 9 25 22 49 33 5 50 21 0 30 0 7 5 13 33 7 28 9 16 14 9 12 29 2 9 41 27 31 15 39 35
12 30 35 30 45 27 33 5 0 29 4 15 31
44 35 14 48 34 18 5 0 42 3 32 9 49 31 26 0 38 49 25 5 42 0 38 19 35 17 21 13 37 44 26 15 22 1 9 19 12 19 1 23 42 14 45 25 39
28 0 10 3 32 6 9 16 12 39 19 17 36 33 36 29 20 39 18 32 14 24 25 8 19 14 34 18 49
12 33 38 4 27 12 4 31 7 43 45 28 29
